95  33
21  0
48  70
75  37
1  4
28  74
55  41
82  8
8  78
35  45
62  12
89  82
15  49
42  16
69  86
96  53
22  20
49  90
76  57
2  24
29  94
56  61
83  28
9  98
36  65
63  32
90  102
16  69
43  36
70  3
97  73
23  40
50  7
77  77
3  44
30  11
57  81
84  48
10  15
37  85
64  52
91  19
17  89
44  56
71  23
98  93
24  60
51  27
78  97
4  64
31  31
58  101
85  68
11  35
38  2
65  72
92  39
18  6
45  76
72  43
99  10
25  80
52  47
79  14
5  84
32  51
59  18
86  88
12  55
39  22
66  92
93  59
19  26
46  96
73  63
100  30
26  100
53  67
80  34
6  1
33  71
60  38
87  5
13  75
40  42
67  9
94  79
20  46
47  13
74  83
0  50
27  17
54  87
81  54
7  21
34  91
61  58
88  25
14  95
41  62
68  29
95  99
21  66
48  33
75  0
1  70
28  37
55  4
82  74
8  41
35  8
62  78
89  45
15  12
42  82
69  49
96  16
22  86
49  53
76  20
2  90
29  57
56  24
83  94
9  61
36  28
63  98
90  65
16  32
43  102
70  69
97  36
23  3
50  73
77  40
3  7
30  77
57  44
84  11
10  81
37  48
64  15
91  85
17  52
44  19
71  89
98  56
24  23
51  93
78  60
4  27
31  97
58  64
85  31
11  101
38  68
65  35
92  2
18  72
45  39
72  6
99  76
25  43
52  10
79  80
5  47
32  14
59  84
86  51
12  18
39  88
66  55
93  22
19  92
46  59
73  26
100  96
26  63
53  30
80  100
6  67
33  34
60  1
87  71
13  38
40  5
67  75
94  42
20  9
47  79
74  46
0  13
27  83
54  50
81  17
7  87
34  54
61  21
88  91
14  58
41  25
68  95
95  62
21  29
48  99
75  66
1  33
28  0
55  70
82  37
8  4
35  74
62  41
89  8
15  78
42  45
69  12
96  82
22  49
49  16
76  86
2  53
29  20
56  90
83  57
9  24
36  94
63  61
90  28
16  98
43  65
70  32
97  102
23  69
50  36
77  3
3  73
30  40
57  7
84  77
10  44
37  11
64  81
91  48
17  15
44  85
71  52
98  19
24  89
51  56
78  23
4  93
31  60
58  27
85  97
11  64
38  31
65  101
92  68
18  35
45  2
72  72
99  39
25  6
52  76
79  43
5  10
32  80
59  47
86  14
12  84
39  51
66  18
93  88
19  55
46  22
73  92
100  59
26  26
53  96
80  63
6  30
33  100
60  67
87  34
13  1
40  71
67  38
94  5
20  75
47  42
74  9
0  79
27  46
54  13
81  83
7  50
34  17
61  87
88  54
14  21
41  91
68  58
95  25
21  95
48  62
75  29
1  99
28  66
55  33
82  0
8  70
35  37
62  4
89  74
15  41
42  8
69  78
96  